2 0.011399030685424805
3 0.0285491943359375
3 0.04648566246032715
2 0.06318306922912598
4 0.08000302314758301
3 0.09702205657958984
3 0.11390829086303711
5 0.13118577003479004
6 0.1480545997619629
6 0.16536235809326172
6 0.18303918838500977
7 0.20072221755981445
7 0.21819281578063965
7 0.23650407791137695
7 0.2535700798034668
7 0.2703399658203125
9 0.28757715225219727
8 0.3053579330444336
9 0.3240206241607666
9 0.34176087379455566
11 0.3592844009399414
9 0.3777792453765869
10 0.39638638496398926
12 0.4141669273376465
11 0.43215298652648926
13 0.4493117332458496
13 0.46663594245910645
12 0.4841470718383789
12 0.5019724369049072
13 0.5188953876495361
14 0.5370781421661377
13 0.5541565418243408
14 0.5726802349090576
14 0.5901355743408203
15 0.6075007915496826
15 0.6248161792755127
15 0.6421096324920654
17 0.659191370010376
15 0.6763381958007812
15 0.6934237480163574
17 0.7104442119598389
17 0.7274255752563477
17 0.7446296215057373
18 0.7626874446868896
19 0.7797613143920898
19 0.797731876373291
20 0.814713716506958
21 0.8326406478881836
19 0.8494377136230469
19 0.8663272857666016
21 0.8835611343383789
21 0.900773286819458
22 0.9184954166412354
22 0.9369363784790039
23 0.954322338104248
23 0.9724767208099365
23 0.9897592067718506
23 1.0077621936798096
24 1.0252130031585693
25 1.0427439212799072
24 1.0602805614471436
25 1.0777134895324707
25 1.094985008239746
27 1.1124002933502197
26 1.1296145915985107
27 1.1470458507537842
28 1.1645467281341553
28 1.1822106838226318
28 1.1997039318084717
28 1.218010663986206
28 1.2366552352905273
28 1.2544715404510498
30 1.2730722427368164
29 1.2909619808197021
30 1.3085930347442627
30 1.3264267444610596
31 1.34425687789917
31 1.3619012832641602
31 1.3792533874511719
30 1.3972811698913574
31 1.4150865077972412
31 1.4330940246582031
31 1.4508566856384277
31 1.4684536457061768
33 1.486081600189209
34 1.5032694339752197
31 1.5207948684692383
35 1.5382816791534424
34 1.556947946548462
36 1.5745933055877686
36 1.5929558277130127
35 1.610227108001709
38 1.6274685859680176
37 1.6444008350372314
38 1.6614508628845215
37 1.6792409420013428
38 1.6963059902191162
39 1.7133190631866455
38 1.7310354709625244
39 1.747722864151001
39 1.7656311988830566
40 1.7824194431304932
40 1.8006725311279297
39 1.8175323009490967
40 1.8347256183624268
41 1.8515996932983398
41 1.8689982891082764
40 1.8872623443603516
42 1.9042766094207764
41 1.9212942123413086
41 1.938239336013794
43 1.95601487159729
43 1.973262071609497
43 1.9903745651245117
44 2.0077342987060547
44 2.025101900100708
43 2.0422520637512207
44 2.05965518951416
44 2.0767667293548584
45 2.0940046310424805
46 2.1112465858459473
47 2.1282780170440674
48 2.146324396133423
45 2.163499116897583
46 2.180936813354492
48 2.1977179050445557
47 2.215458631515503
48 2.2322068214416504
48 2.2500622272491455
48 2.266803741455078
49 2.2844161987304688
50 2.3014652729034424
49 2.318509340286255
50 2.3352503776550293
51 2.3522896766662598
51 2.369065523147583
51 2.3862671852111816
50 2.4038801193237305
52 2.4209039211273193
52 2.4386165142059326
52 2.455881118774414
52 2.472919464111328
52 2.489861011505127
54 2.506613254547119
53 2.523512363433838
53 2.540391683578491
53 2.557156562805176
55 2.574084758758545
56 2.5910258293151855
55 2.6077969074249268
56 2.624770164489746
56 2.6415960788726807
54 2.6596391201019287
56 2.676476240158081
56 2.6939759254455566
57 2.710705041885376
55 2.7282845973968506
56 2.7449657917022705
58 2.762700319290161
57 2.779524564743042
58 2.7974257469177246
57 2.814271926879883
58 2.831892728805542
60 2.848620653152466
60 2.8663489818573
60 2.883244276046753
60 2.900315046310425
60 2.91721510887146
59 2.934434413909912
61 2.9514617919921875
61 2.968538284301758
60 2.985267400741577
61 3.002535820007324
61 3.0205485820770264
62 3.037585973739624
61 3.055421829223633
63 3.072481870651245
63 3.0895678997039795
63 3.106421709060669
63 3.1232352256774902
63 3.1401655673980713
63 3.1570258140563965
63 3.1740705966949463
63 3.1909127235412598
63 3.2079567909240723
63 3.22481107711792
63 3.241687774658203
63 3.2586004734039307
63 3.275581121444702
63 3.292459011077881
66 3.309858560562134
63 3.3269827365875244
65 3.343863010406494
63 3.3606326580047607
68 3.37813138961792
63 3.3948585987091064
68 3.4125490188598633
68 3.4293227195739746
67 3.44677734375
67 3.463594675064087
67 3.4813547134399414
68 3.498173713684082
69 3.5157010555267334
69 3.532597780227661
70 3.5496490001678467
69 3.566761016845703
71 3.584751844406128
70 3.60155987739563
71 3.6193554401397705
71 3.6362555027008057
72 3.653637170791626
72 3.6717112064361572
71 3.6889777183532715
72 3.7067322731018066
71 3.724020481109619
74 3.7408652305603027
73 3.757883310317993
73 3.7753069400787354
73 3.792539358139038
73 3.8098506927490234
74 3.826962947845459
74 3.8447468280792236
75 3.861459493637085
74 3.8792290687561035
76 3.895986318588257
76 3.91352915763855
77 3.930271863937378
76 3.948101043701172
76 3.9648537635803223
76 3.9824304580688477
77 3.9991681575775146
77 4.0170674324035645
79 4.033782720565796
77 4.0509045124053955
77 4.067763090133667
79 4.085395574569702
78 4.1021599769592285
79 4.119133949279785
79 4.1359171867370605
79 4.15282130241394
79 4.169579982757568
79 4.186861753463745
79 4.203606128692627
79 4.22102165222168
79 4.238793134689331
80 4.256983280181885
81 4.274292469024658
80 4.292141437530518
79 4.310380458831787
82 4.3276402950286865
82 4.345534801483154
83 4.363339185714722
83 4.380570650100708
82 4.398664712905884
84 4.415399551391602
83 4.4331748485565186
84 4.450216054916382
84 4.467103481292725
83 4.484915494918823
85 4.502340316772461
85 4.5200395584106445
84 4.537659645080566
86 4.554527044296265
85 4.572418689727783
86 4.5896687507629395
86 4.606928110122681
88 4.623901844024658
87 4.640889644622803
87 4.657827615737915
88 4.674717664718628
88 4.692288398742676
88 4.709191799163818
88 4.72634482383728
89 4.743176221847534
87 4.760815143585205
89 4.777574777603149
88 4.795350551605225
90 4.811980485916138
89 4.829939126968384
89 4.847487926483154
89 4.86493182182312
91 4.881669759750366
89 4.899126768112183
92 4.915878772735596
90 4.933690786361694
91 4.950512886047363
92 4.967516899108887
92 4.984275817871094
93 5.00126314163208
92 5.018071174621582
92 5.035078525543213
93 5.05193305015564
94 5.0689613819122314
93 5.0858659744262695
94 5.102814197540283
93 5.119579553604126
93 5.1367762088775635
94 5.154249668121338
96 5.171110153198242
95 5.188526153564453
96 5.2058470249176025
96 5.22285008430481
96 5.239698648452759
96 5.256737470626831
96 5.273685932159424
97 5.2905237674713135
96 5.307577133178711
97 5.324373245239258
96 5.341444492340088
98 5.358286380767822
98 5.3762969970703125
98 5.393197536468506
97 5.4108359813690186
97 5.427561521530151
98 5.445140838623047
100 5.461811065673828
100 5.479292154312134
98 5.495985269546509
98 5.51354718208313
99 5.5304083824157715
99 5.548194169998169
100 5.56494927406311
99 5.582579135894775
100 5.59941554069519
100 5.616946458816528
100 5.633692741394043
101 5.651000261306763
101 5.667820692062378
101 5.685345411300659
103 5.702219486236572
102 5.719253063201904
102 5.736044883728027
103 5.753216981887817
103 5.770123720169067
102 5.787024974822998
103 5.8040924072265625
103 5.820940971374512
103 5.838507652282715
103 5.8555169105529785
104 5.87256383895874
104 5.890305519104004
103 5.907574892044067
104 5.926174640655518
105 5.944177627563477
104 5.961917877197266
105 5.979177713394165
103 5.996761798858643
106 6.0139899253845215
106 6.031269311904907
106 6.048434734344482
105 6.0657196044921875
106 6.083345651626587
106 6.100028991699219
106 6.117523908615112
106 6.13426947593689
106 6.1519269943237305
107 6.168773889541626
107 6.185832977294922
109 6.202601671218872
110 6.219562768936157
107 6.236476898193359
109 6.253652095794678
109 6.270512580871582
108 6.287639856338501
108 6.304481506347656
110 6.321544170379639
109 6.3383567333221436
110 6.355675458908081
109 6.3726115226745605
112 6.389812231063843
110 6.406843185424805
111 6.424402713775635
112 6.441529750823975
111 6.458813190460205
111 6.47598671913147
111 6.49357271194458
112 6.511497259140015
112 6.528554677963257
112 6.5468385219573975
112 6.564151287078857
113 6.581990480422974
113 6.601654052734375
113 6.619056940078735
113 6.636690378189087
113 6.653846502304077
114 6.671004295349121
113 6.688642740249634
113 6.706530570983887
114 6.724255561828613
114 6.7437052726745605
114 6.7636260986328125
114 6.782078504562378
115 6.800654888153076
117 6.81789231300354
116 6.8351826667785645
117 6.852412462234497
115 6.870892286300659
116 6.888423681259155
117 6.905737638473511
117 6.9233667850494385
117 6.941097259521484
118 6.958142280578613
117 6.975729942321777
117 6.993652105331421
118 7.011511325836182
118 7.029518365859985
117 7.047069311141968
120 7.064548969268799
118 7.08320426940918
120 7.101288557052612
119 7.119630336761475
120 7.137624025344849
119 7.155180931091309
120 7.17286229133606
120 7.190363883972168
120 7.207872629165649
121 7.225326776504517
121 7.242498874664307
120 7.259625196456909
119 7.277740478515625
122 7.295463800430298
121 7.313160181045532
120 7.330554485321045
121 7.347667932510376
121 7.365498781204224
121 7.383064270019531
121 7.401240587234497
122 7.418318271636963
123 7.435855865478516
121 7.453774929046631
122 7.471150875091553
124 7.487929105758667
123 7.506036281585693
125 7.52365517616272
124 7.5406787395477295
125 7.557689189910889
125 7.575354814529419
125 7.5931031703948975
125 7.610909461975098
126 7.627563953399658
126 7.6443772315979
126 7.663273096084595
125 7.681201934814453
125 7.699147939682007
125 7.717938184738159
126 7.736410856246948
125 7.755011796951294
127 7.77249002456665
126 7.791808843612671
126 7.811894416809082
127 7.830546855926514
127 7.848846197128296
128 7.8666160106658936
127 7.885028600692749
127 7.903505086898804
128 7.921393632888794
127 7.9394214153289795
127 7.957963705062866
128 7.976243734359741
129 7.994539022445679
129 8.013403415679932
128 8.032039403915405
128 8.050228118896484
129 8.070311069488525
129 8.089375257492065
130 8.107936382293701
129 8.125525712966919
129 8.143178701400757
130 8.16141653060913
130 8.179830551147461
131 8.198111772537231
131 8.215114116668701
131 8.2321138381958
131 8.24985384941101
132 8.266595602035522
131 8.283939361572266
131 8.30110788345337
132 8.318284749984741
131 8.335638523101807
133 8.352448225021362
131 8.370404243469238
133 8.387084245681763
132 8.403708696365356
134 8.420706033706665
132 8.437556982040405
134 8.455002307891846
134 8.471972942352295
133 8.48896837234497
135 8.505764484405518
133 8.523073673248291
135 8.540045499801636
134 8.558090925216675
135 8.575303316116333
135 8.59251070022583
134 8.609665393829346
135 8.626458168029785
135 8.644056558609009
135 8.660769939422607
135 8.6784827709198
136 8.695130586624146
135 8.712520599365234
135 8.729189157485962
135 8.74691390991211
136 8.76364541053772
135 8.781148672103882
137 8.797954320907593
135 8.816089153289795
138 8.832759618759155
137 8.850332021713257
137 8.867067575454712
138 8.884889841079712
139 8.901683568954468
138 8.918973922729492
138 8.93584156036377
139 8.952977895736694
140 8.969757080078125
139 8.986766815185547
139 9.003503799438477
139 9.020763158798218
139 9.037668228149414
139 9.054794311523438
141 9.071613311767578
141 9.088648080825806
139 9.105500221252441
139 9.122665166854858
141 9.139477014541626
141 9.156277656555176
142 9.17311692237854
141 9.18986988067627
141 9.206831693649292
141 9.223540544509888
140 9.240434885025024
141 9.257331371307373
141 9.274171113967896
142 9.291030168533325
142 9.307929515838623
142 9.325083017349243
142 9.342295408248901
142 9.359430313110352
143 9.3764169216156
142 9.393601894378662
143 9.410763025283813
143 9.427947998046875
143 9.44486689567566
143 9.461898565292358
143 9.478824853897095
143 9.49609899520874
142 9.51404619216919
143 9.530783414840698
143 9.54860782623291
143 9.565322875976562
143 9.58315634727478
143 9.599884271621704
144 9.617345094680786
145 9.634159564971924
145 9.651262283325195
146 9.668096780776978
145 9.685084342956543
143 9.701865673065186
145 9.718834638595581
145 9.735599040985107
146 9.752721309661865
147 9.76954174041748
145 9.78667688369751
145 9.803925037384033
146 9.821330308914185
147 9.838447093963623
147 9.855683326721191
146 9.87278437614441
147 9.890159130096436
148 9.907107830047607
147 9.923968315124512
148 9.940917015075684
148 9.957726955413818
148 9.974661111831665
148 9.991638422012329
148 10.008500814437866
147 10.025326013565063
147 10.042147636413574
150 10.05896258354187
148 10.075919151306152
148 10.092704057693481
150 10.10960340499878
150 10.12641716003418
148 10.14430546760559
149 10.16107988357544
149 10.178381443023682
149 10.19509243965149
149 10.212507009506226
150 10.229269027709961
150 10.246913194656372
149 10.263624668121338
150 10.28133511543274
152 10.298258066177368
150 10.315693378448486
152 10.332616806030273
153 10.350928544998169
152 10.36772084236145
152 10.385504007339478
152 10.402254581451416
152 10.419403314590454
152 10.436249494552612
151 10.453345775604248
153 10.471054077148438
152 10.488053321838379
152 10.505841970443726
152 10.522939443588257
152 10.540138959884644
152 10.557183027267456
152 10.574179887771606
153 10.591100931167603
153 10.608051776885986
153 10.62496542930603
153 10.641769170761108
153 10.658653736114502
155 10.675627708435059
154 10.692694664001465
156 10.709524869918823
154 10.727065563201904
156 10.743836879730225
155 10.760774612426758
156 10.778293371200562
156 10.795366048812866
156 10.812668085098267
155 10.830520868301392
156 10.847629308700562
155 10.864750623703003
155 10.8815336227417
155 10.899896383285522
156 10.917664289474487
156 10.935432195663452
156 10.952934980392456
157 10.97067642211914
156 10.987996101379395
156 11.00527811050415
156 11.022687435150146
157 11.040502786636353
158 11.057833671569824
156 11.075315237045288
156 11.092321395874023
158 11.109493732452393
157 11.126492261886597
157 11.14350962638855
158 11.160512447357178
157 11.177369594573975
158 11.195719480514526
159 11.212403535842896
158 11.229831457138062
158 11.246487379074097
158 11.264821529388428
158 11.281617164611816
157 11.298936128616333
159 11.315651655197144
158 11.333713293075562
159 11.350536823272705
159 11.368542671203613
158 11.3854501247406
159 11.402733325958252
159 11.419661283493042
159 11.436928510665894
159 11.45483684539795
159 11.471894979476929
159 11.490029096603394
159 11.507600784301758
159 11.52471399307251
161 11.541770219802856
159 11.558776378631592
161 11.575673341751099
162 11.592689990997314
162 11.609745979309082
161 11.626651525497437
162 11.64358901977539
162 11.660749197006226
162 11.678679466247559
163 11.695374965667725
163 11.713195085525513
162 11.72996187210083
161 11.747741222381592
163 11.76446008682251
163 11.781918287277222
163 11.7987220287323
163 11.81662106513977
164 11.8333158493042
163 11.850396633148193
164 11.867257118225098
163 11.884504795074463
163 11.901256084442139
163 11.91902232170105
164 11.935811996459961
165 11.952874660491943
164 11.969679355621338
165 11.986628770828247
165 12.003387451171875
165 12.020252466201782
165 12.037010431289673
165 12.053989171981812
166 12.070821523666382
165 12.088439464569092
165 12.105830430984497
166 12.122968196868896
165 12.140116691589355
165 12.157042503356934
164 12.174072504043579
166 12.191045045852661
166 12.208078861236572
167 12.224956274032593
166 12.241761684417725
166 12.258622407913208
167 12.275453329086304
167 12.29230546951294
166 12.309105157852173
167 12.325970649719238
167 12.342894792556763
166 12.359744548797607
168 12.37666392326355
167 12.393553733825684
168 12.410447835922241
167 12.427025556564331
167 12.443607330322266
167 12.460229396820068
167 12.476848840713501
167 12.493419885635376
167 12.51002311706543
167 12.526835680007935
168 12.543473720550537
169 12.561042547225952
167 12.577943563461304
169 12.594967365264893
170 12.612553119659424
170 12.629180669784546
171 12.646932601928711
170 12.663641452789307
168 12.681217432022095
170 12.697933435440063
170 12.715623617172241
170 12.732313632965088
169 12.750345945358276
170 12.767277479171753
170 12.784906148910522
171 12.801693439483643
171 12.818978071212769
170 12.836543798446655
170 12.853410005569458
172 12.87139344215393
172 12.888545274734497
172 12.90576457977295
170 12.922662258148193
172 12.939497947692871
171 12.956323623657227
171 12.97390103340149
172 12.991089820861816
172 13.00940227508545
173 13.026792764663696
171 13.044903039932251
171 13.061562061309814
172 13.079057931900024
173 13.096156120300293
172 13.114299058914185
174 13.131465196609497
173 13.148207902908325
174 13.165456056594849
173 13.18298602104187
173 13.200408697128296
174 13.218470335006714
174 13.235981702804565
174 13.253673076629639
174 13.2725350856781
173 13.290924310684204
173 13.308101415634155
173 13.326215028762817
173 13.34397029876709
176 13.360862493515015
174 13.378957271575928
176 13.396121978759766
176 13.413874864578247
176 13.431895732879639
175 13.449809789657593
176 13.466752529144287
176 13.483951330184937
176 13.501365661621094
176 13.519838094711304
176 13.537758588790894
176 13.555928945541382
174 13.574214696884155
175 13.592412948608398
176 13.61092495918274
177 13.628037929534912
176 13.645250082015991
177 13.662464618682861
175 13.680402040481567
178 13.697842836380005
177 13.715336561203003
176 13.73256802558899
176 13.750751733779907
176 13.769104242324829
177 13.786377429962158
177 13.803633213043213
177 13.82159972190857
176 13.839193105697632
176 13.856359481811523
177 13.873235940933228
178 13.89068341255188
178 13.908438444137573
177 13.925619125366211
177 13.942961692810059
178 13.960380554199219
178 13.97845721244812
179 13.995938301086426
177 14.012834787368774
178 14.030361890792847
177 14.048820734024048
178 14.066774845123291
179 14.084855794906616
178 14.102584838867188
179 14.119969129562378
179 14.138490915298462
179 14.1560959815979
179 14.173649787902832
179 14.19163203239441
180 14.209995031356812
180 14.228271722793579
180 14.24730896949768
180 14.264916181564331
180 14.283010959625244
180 14.300668478012085
180 14.319132804870605
181 14.336333751678467
179 14.354520082473755
179 14.372213125228882
181 14.390605211257935
179 14.408150434494019
180 14.427109479904175
180 14.444768190383911
181 14.462619543075562
181 14.480005502700806
182 14.498388290405273
182 14.516592979431152
181 14.534563541412354
183 14.551326274871826
182 14.569586992263794
182 14.586496114730835
182 14.604577541351318
181 14.621979713439941
180 14.639240503311157
182 14.657074689865112
182 14.675084352493286
182 14.693560600280762
182 14.711580276489258
182 14.729655027389526
184 14.747610092163086
183 14.765053033828735
183 14.783237934112549
182 14.800788402557373
183 14.818599939346313
183 14.836582899093628
182 14.853879928588867
184 14.87162184715271
184 14.888384580612183
183 14.906183242797852
183 14.923865556716919
183 14.941283702850342
184 14.958642482757568
184 14.975895404815674
184 14.993425369262695
184 15.01051378250122
185 15.027446031570435
185 15.04476284980774
185 15.061835527420044
185 15.079458475112915
185 15.096128702163696
186 15.113909006118774
186 15.130571603775024
185 15.148298501968384
186 15.165052890777588
186 15.183042764663696
184 15.199915409088135
184 15.217592239379883
185 15.23444390296936
186 15.252023220062256
186 15.268837690353394
186 15.285829067230225
186 15.30263090133667
187 15.319676876068115
186 15.336499452590942
185 15.353760242462158
187 15.370585203170776
187 15.387838363647461
185 15.404762029647827
187 15.421799421310425
187 15.438743352890015
186 15.455697298049927
187 15.472624778747559
186 15.489713430404663
187 15.506633281707764
187 15.523499965667725
192 15.540456295013428
188 15.557546377182007
187 15.575483798980713
187 15.592684268951416
188 15.609991312026978
192 15.6271333694458
188 15.643990516662598
188 15.661792993545532
192 15.678546667098999
187 15.695966720581055
189 15.712597370147705
188 15.730117082595825
192 15.746822357177734
192 15.764734983444214
192 15.781445026397705
188 15.79939866065979
192 15.816208839416504
192 15.834007501602173
192 15.850826978683472
192 15.867721796035767
188 15.88477897644043
192 15.902588129043579
189 15.920581817626953
189 15.938540697097778
192 15.95580005645752
192 15.973743915557861
192 15.991318225860596
192 16.009381532669067
192 16.028984785079956
192 16.046124935150146
192 16.064117431640625
192 16.081016063690186
192 16.098158597946167
192 16.11482262611389
192 16.13265371322632
192 16.14950704574585
190 16.167139768600464
192 16.18385338783264
192 16.2012300491333
192 16.218024492263794
192 16.23531484603882
192 16.25323724746704
192 16.27005958557129
192 16.28754496574402
192 16.304547786712646
192 16.321696043014526
192 16.338667631149292
192 16.355777263641357
192 16.37266755104065
192 16.389665842056274
192 16.406489372253418
192 16.423814296722412
192 16.44073987007141
192 16.4576473236084
192 16.47458291053772
192 16.491408824920654
194 16.508209228515625
193 16.52498984336853
193 16.541914701461792
193 16.558879137039185
192 16.57722234725952
193 16.59396529197693
193 16.6116623878479
193 16.628321409225464
193 16.646334648132324
193 16.66304302215576
193 16.680692672729492
192 16.697450160980225
193 16.715327262878418
194 16.731990337371826
193 16.749581336975098
193 16.7664155960083
193 16.783921003341675
194 16.800675630569458
192 16.817895650863647
193 16.834836959838867
195 16.851971864700317
194 16.868778467178345
194 16.886069297790527
194 16.903717517852783
195 16.92050790786743
194 16.938610792160034
195 16.955771684646606
195 16.973132133483887
194 16.99020528793335
195 17.007428646087646
196 17.024328231811523
194 17.04137372970581
195 17.05826735496521
194 17.075029373168945
194 17.092214345932007
195 17.109882831573486
195 17.126827239990234
195 17.143967628479004
196 17.160767555236816
195 17.177823305130005
194 17.195409536361694
195 17.212040185928345
196 17.229585647583008
196 17.246330499649048
197 17.26366686820984
195 17.280375480651855
197 17.297839879989624
196 17.314584970474243
197 17.332435846328735
197 17.34920835494995
195 17.366783380508423
196 17.38357377052307
197 17.40065050125122
197 17.41742753982544
197 17.435112476348877
197 17.451953649520874
198 17.469140768051147
195 17.48676633834839
197 17.503766536712646
198 17.521729469299316
197 17.538761854171753
197 17.55574631690979
197 17.572577476501465
198 17.589706420898438
198 17.6066255569458
197 17.623536586761475
198 17.640527486801147
198 17.657472848892212
198 17.67445707321167
197 17.691315174102783
197 17.709078550338745
198 17.726109266281128
196 17.74386191368103
199 17.760854482650757
199 17.778401136398315
198 17.79518723487854
198 17.812997579574585
197 17.829703092575073
199 17.84719491004944
199 17.863863229751587
199 17.88083577156067
199 17.897872924804688
199 17.915627479553223
199 17.932255268096924
199 17.950167417526245
200 17.967008590698242
198 17.98490595817566
199 18.001725673675537
198 18.020026922225952
199 18.037365913391113
199 18.05467915534973
199 18.071638822555542
198 18.089473485946655
199 18.106667041778564
200 18.124193906784058
200 18.14132785797119
199 18.158770322799683
199 18.175912380218506
200 18.193148851394653
199 18.21013617515564
200 18.227184534072876
200 18.244575023651123
199 18.26132559776306
201 18.278849840164185
201 18.295552730560303
199 18.313133478164673
200 18.32990312576294
200 18.34799098968506
201 18.364721298217773
201 18.383122444152832
201 18.39986252784729
201 18.417583465576172
200 18.434447765350342
201 18.451619148254395
202 18.46978497505188
200 18.486608028411865
199 18.50448226928711
202 18.5216166973114
201 18.538728952407837
203 18.555795907974243
199 18.572872638702393
202 18.58973264694214
202 18.606658220291138
203 18.623430728912354
202 18.640390872955322
201 18.657355308532715
201 18.674156427383423
202 18.691049575805664
201 18.70781683921814
202 18.724793672561646
203 18.741591215133667
202 18.758615255355835
203 18.775578498840332
201 18.793213844299316
203 18.809983253479004
203 18.82685923576355
201 18.84401822090149
201 18.861051321029663
203 18.878738164901733
203 18.895832777023315
202 18.913458585739136
203 18.930137395858765
203 18.947609901428223
204 18.96426558494568
204 18.981815338134766
203 18.99860167503357
204 19.01633644104004
204 19.033079147338867
203 19.050689935684204
203 19.06754779815674
203 19.085498094558716
204 19.102349996566772
204 19.11929726600647
204 19.136135578155518
203 19.153075456619263
204 19.169974327087402
205 19.186922550201416
204 19.203802585601807
204 19.221982955932617
203 19.238900423049927
204 19.256999015808105
203 19.27430295944214
204 19.291037797927856
204 19.30802607536316
205 19.325136423110962
204 19.341947317123413
203 19.359235286712646
206 19.376566171646118
205 19.39405584335327
205 19.41083002090454
204 19.428579092025757
205 19.445263624191284
204 19.46289849281311
205 19.479632139205933
205 19.49729824066162
206 19.51400065422058
206 19.531527042388916
205 19.548203229904175
205 19.566022872924805
206 19.582762002944946
206 19.599993467330933
204 19.616753578186035
207 19.634053945541382
205 19.65093445777893
206 19.66789221763611
205 19.684885501861572
206 19.701990604400635
206 19.718772649765015
207 19.735843658447266
206 19.7526113986969
207 19.76966667175293
206 19.786442279815674
206 19.803507089614868
206 19.820418119430542
207 19.837329149246216
205 19.8542001247406
207 19.87105703353882
205 19.887939453125
206 19.90519666671753
206 19.922239542007446
207 19.939366102218628
206 19.956169843673706
207 19.97309970855713
207 19.989985942840576
207 20.00680446624756
207 20.023508548736572
206 20.040568828582764
206 20.05749273300171
208 20.074291706085205
206 20.091151237487793
207 20.108030319213867
207 20.124999284744263
207 20.14179801940918
208 20.158653259277344
207 20.175450563430786
208 20.193355560302734
207 20.210120677947998
208 20.22790002822876
207 20.24476933479309
208 20.261990070343018
207 20.279239892959595
207 20.296828269958496
208 20.314160346984863
209 20.331186056137085
207 20.34892511367798
208 20.366053342819214
209 20.384002208709717
209 20.401416063308716
209 20.41840434074402
209 20.435776472091675
207 20.453216075897217
209 20.47127652168274
209 20.491390466690063
207 20.50908064842224
208 20.52664613723755
208 20.544090270996094
207 20.56162714958191
209 20.579158544540405
208 20.596155881881714
209 20.614132165908813
209 20.631951570510864
207 20.65037178993225
207 20.668020963668823
209 20.685103178024292
209 20.702184915542603
208 20.72011661529541
210 20.738086462020874
209 20.756447792053223
209 20.77415132522583
209 20.791013479232788
210 20.807925939559937
209 20.825016021728516
210 20.84234619140625
209 20.859562397003174
210 20.87665343284607
211 20.893998384475708
209 20.911682844161987
210 20.929447412490845
210 20.94641089439392
210 20.964287996292114
211 20.981207609176636
209 20.99870800971985
211 21.015889406204224
209 21.03325390815735
211 21.050817012786865
211 21.06838631629944
211 21.085130214691162
211 21.10181736946106
210 21.1187002658844
211 21.13653826713562
211 21.153510093688965
209 21.170610427856445
211 21.187509536743164
211 21.204519033432007
211 21.22141146659851
212 21.238687753677368
211 21.255704402923584
211 21.272870540618896
211 21.289799690246582
211 21.30666947364807
212 21.323599815368652
212 21.340447664260864
211 21.3573100566864
211 21.374186992645264
211 21.391010522842407
211 21.40782618522644
213 21.42472267150879
212 21.441580295562744
212 21.45848798751831
213 21.47529888153076
211 21.493218898773193
212 21.510167121887207
212 21.527597904205322
212 21.54423999786377
211 21.561524152755737
211 21.57859992980957
212 21.595210313796997
213 21.611834287643433
213 21.628499507904053
213 21.645153284072876
212 21.661792039871216
213 21.67844033241272
214 21.69508647918701
212 21.711610794067383
212 21.72924256324768
213 21.746010065078735
212 21.763395309448242
214 21.78008222579956
213 21.79770255088806
214 21.814369916915894
213 21.83240032196045
214 21.849149703979492
214 21.865808248519897
213 21.882807970046997
214 21.90049147605896
214 21.917289972305298
213 21.93441605567932
214 21.951173543930054
213 21.968899488449097
214 21.985711097717285
214 22.002979278564453
213 22.02105188369751
213 22.038227558135986
215 22.055333375930786
213 22.072632312774658
213 22.09009885787964
215 22.107073068618774
213 22.12458372116089
214 22.141868114471436
214 22.158884286880493
213 22.177014589309692
216 22.19375729560852
213 22.21103858947754
214 22.22771120071411
215 22.245279550552368
216 22.261920928955078
214 22.27962064743042
216 22.296364784240723
215 22.31375813484192
214 22.330461978912354
215 22.348103761672974
213 22.36489486694336
214 22.382410764694214
216 22.399187564849854
214 22.416650772094727
214 22.433433055877686
215 22.450727462768555
216 22.467615365982056
215 22.484783411026
216 22.502487182617188
216 22.519416332244873
215 22.537166833877563
216 22.554229736328125
215 22.571368932724
216 22.588297605514526
216 22.605222702026367
215 22.622013330459595
216 22.639002084732056
217 22.65587878227234
216 22.672727346420288
216 22.68953537940979
216 22.706552505493164
216 22.72350287437439
216 22.740438222885132
217 22.757404327392578
216 22.774924993515015
217 22.79168128967285
216 22.8092782497406
217 22.82643175125122
217 22.84355401992798
217 22.860577821731567
217 22.877440452575684
216 22.895460844039917
216 22.912129402160645
216 22.929545164108276
218 22.94622015953064
216 22.963968515396118
217 22.98066234588623
217 22.998239517211914
217 23.014966011047363
216 23.032692193984985
218 23.049558401107788
217 23.06714677810669
217 23.084038257598877
217 23.102057695388794
218 23.118871927261353
216 23.13593077659607
216 23.15280771255493
217 23.16978359222412
218 23.18665385246277
217 23.203535795211792
216 23.22035837173462
217 23.237385272979736
216 23.254233598709106
217 23.27126407623291
217 23.288123607635498
217 23.30509305000305
218 23.32187819480896
216 23.33881115913391
217 23.35558319091797
218 23.3726224899292
218 23.389410734176636
217 23.4062819480896
219 23.423119068145752
218 23.439972639083862
219 23.456783294677734
218 23.47383403778076
217 23.490838050842285
217 23.50769543647766
217 23.524632215499878
218 23.541550397872925
218 23.558501958847046
219 23.575302839279175
219 23.592161417007446
218 23.60894227027893
217 23.62579083442688
220 23.6426944732666
217 23.66063666343689
217 23.677430391311646
220 23.69539523124695
220 23.712021112442017
219 23.729936838150024
218 23.746654510498047
219 23.76457977294922
218 23.781325817108154
220 23.798961639404297
219 23.81565260887146
220 23.834121704101562
220 23.850987434387207
218 23.868849277496338
219 23.88586449623108
220 23.903151750564575
219 23.919901132583618
219 23.93684411048889
219 23.95370054244995
220 23.97192883491516
219 23.988959312438965
219 24.006847381591797
219 24.023911476135254
219 24.04170513153076
219 24.05864906311035
219 24.075446605682373
220 24.09227180480957
220 24.10918617248535
220 24.125966548919678
220 24.142876148223877
220 24.159684658050537
221 24.176515579223633
221 24.19326424598694
220 24.210857629776
220 24.227577924728394
221 24.24484944343567
220 24.261542320251465
220 24.279260873794556
220 24.295925617218018
220 24.313436031341553
221 24.330161571502686
220 24.347736597061157
220 24.364442825317383
220 24.381927728652954
220 24.398634433746338
221 24.416765928268433
220 24.433551788330078
220 24.450694799423218
220 24.467507123947144
221 24.484670162200928
221 24.501413822174072
220 24.518558740615845
220 24.535330057144165
220 24.552397966384888
220 24.56922221183777
221 24.586434364318848
222 24.603397130966187
222 24.620381593704224
222 24.63738226890564
222 24.654366970062256
220 24.671333074569702
207 24.688274383544922
221 24.705209016799927
221 24.722407817840576
224 24.740012645721436
221 24.757214069366455
220 24.77513313293457
221 24.79291033744812
221 24.8101167678833
222 24.828263759613037
221 24.84655451774597
221 24.863786458969116
220 24.88162088394165
220 24.89998722076416
221 24.917190074920654
220 24.934940576553345
221 24.95256805419922
220 24.97061824798584
222 24.988794803619385
222 25.006789922714233
224 25.02376365661621
222 25.042180061340332
224 25.059561014175415
224 25.076504707336426
220 25.09425687789917
221 25.11161732673645
221 25.12980580329895
224 25.146729469299316
222 25.163850784301758
224 25.180866956710815
224 25.19791030883789
224 25.21589970588684
224 25.232768535614014
222 25.250811100006104
221 25.267730951309204
224 25.28483486175537
224 25.30163836479187
224 25.31883192062378
223 25.33656620979309
224 25.353548526763916
224 25.371379852294922
224 25.388506650924683
224 25.405661821365356
224 25.422770738601685
224 25.439646005630493
223 25.45775556564331
224 25.475313901901245
222 25.492517232894897
224 25.512429237365723
224 25.53021001815796
224 25.54692316055298
223 25.564967393875122
224 25.581663370132446
223 25.59929060935974
224 25.616137504577637
223 25.633551359176636
224 25.650405168533325
224 25.667532682418823
224 25.684359073638916
225 25.701313734054565
224 25.71818470954895
224 25.735452890396118
224 25.753283739089966
224 25.770092725753784
224 25.788501262664795
224 25.805696725845337
224 25.82280135154724
224 25.839781999588013
224 25.856730699539185
224 25.87358069419861
224 25.890642166137695
224 25.90803050994873
224 25.92549228668213
224 25.943145275115967
224 25.960007429122925
224 25.977559089660645
224 25.995333909988403
224 26.012644290924072
224 26.030324459075928
224 26.047563076019287
224 26.064811944961548
224 26.081676483154297
224 26.098448514938354
225 26.116129875183105
224 26.13287043571472
225 26.15049648284912
226 26.167332649230957
224 26.184715509414673
224 26.20274519920349
225 26.219677686691284
225 26.23687767982483
225 26.253880739212036
224 26.27099895477295
224 26.28798532485962
224 26.305160760879517
225 26.322038173675537
225 26.33892035484314
224 26.355807542800903
225 26.372748136520386
225 26.389669179916382
225 26.40652823448181
226 26.423410892486572
226 26.44023108482361
224 26.457088232040405
226 26.47392439842224
224 26.490880012512207
225 26.507676601409912
225 26.524726152420044
224 26.542134523391724
224 26.559391498565674
225 26.576940059661865
225 26.595603704452515
225 26.612960815429688
226 26.63008213043213
225 26.64829182624817
225 26.66568160057068
224 26.683021545410156
224 26.701079845428467
226 26.718366861343384
226 26.736605405807495
225 26.75440812110901
225 26.771950244903564
225 26.78962016105652
225 26.807367086410522
226 26.82471537590027
225 26.8428692817688
224 26.861549377441406
225 26.879230260849
225 26.897051095962524
225 26.91469931602478
225 26.93223237991333
226 26.950098037719727
225 26.967981100082397
225 26.985265016555786
225 27.002542972564697
226 27.0207941532135
226 27.038392543792725
226 27.055367469787598
227 27.073235988616943
224 27.09065008163452
226 27.10800075531006
227 27.125422716140747
226 27.14247703552246
226 27.159334182739258
228 27.1763916015625
226 27.194136142730713
225 27.21080446243286
225 27.228683710098267
227 27.245471954345703
226 27.26321291923523
227 27.27999758720398
227 27.297683477401733
226 27.31438660621643
226 27.331174612045288
226 27.348134517669678
227 27.36586284637451
226 27.38259983062744
227 27.40040874481201
226 27.417255401611328
227 27.434335708618164
227 27.451181888580322
228 27.468663930892944
227 27.485770225524902
227 27.502869606018066
226 27.520621299743652
227 27.537564992904663
227 27.55566692352295
227 27.572805881500244
227 27.589943408966064
227 27.60688018798828
227 27.624120473861694
227 27.64125657081604
226 27.65843892097473
228 27.675623416900635
226 27.6928551197052
227 27.71114706993103
228 27.728042364120483
226 27.745639324188232
227 27.76228666305542
227 27.78025507926941
226 27.796940565109253
227 27.814680814743042
227 27.831388235092163
227 27.84971284866333
226 27.866514921188354
228 27.884302139282227
228 27.901007652282715
227 27.91892099380493
228 27.935808420181274
228 27.95244574546814
228 27.969088554382324
228 27.98572301864624
228 28.002341270446777
229 28.01899790763855
229 28.03562307357788
228 28.052984476089478
227 28.069865465164185
229 28.086645364761353
226 28.104811906814575
228 28.1223247051239
227 28.13937783241272
228 28.156603813171387
227 28.17396640777588
229 28.191887855529785
229 28.209099292755127
227 28.227459192276
227 28.244906663894653
228 28.26235008239746
229 28.279217004776
227 28.296410083770752
228 28.313448905944824
230 28.330522775650024
227 28.347564220428467
227 28.364814519882202
230 28.382694721221924
229 28.39966654777527
230 28.417680263519287
228 28.434443712234497
229 28.452558517456055
230 28.469311475753784
228 28.486836433410645
229 28.50397038459778
228 28.522202014923096
229 28.539573669433594
229 28.557000637054443
228 28.574381351470947
229 28.591416835784912
229 28.608561515808105
230 28.625818014144897
228 28.64288091659546
229 28.660020112991333
229 28.676947116851807
229 28.694151639938354
229 28.711062908172607
230 28.728626251220703
229 28.746211051940918
229 28.763896942138672
230 28.78236961364746
229 28.801069736480713
230 28.819396495819092
228 28.838079690933228
227 28.856300830841064
229 28.874205589294434
228 28.89215874671936
230 28.90987491607666
230 28.926995515823364
230 28.943827629089355
230 28.960704565048218
230 28.977384090423584
230 28.995147943496704
228 29.012906789779663
229 29.03046226501465
229 29.049083948135376
230 29.06698775291443
230 29.084400415420532
230 29.10162663459778
229 29.119627237319946
229 29.13762855529785
228 29.155149936676025
230 29.172709941864014
229 29.190770149230957
229 29.20939612388611
229 29.227216243743896
228 29.24466300010681
230 29.26244068145752
230 29.28124213218689
229 29.298979997634888
229 29.315951347351074
231 29.334113359451294
230 29.352136611938477
230 29.36963200569153
230 29.386459827423096
229 29.40414834022522
230 29.42180895805359
230 29.439197778701782
230 29.45678424835205
230 29.47398328781128
231 29.491385459899902
229 29.50890851020813
229 29.52694821357727
231 29.54398226737976
230 29.56141448020935
230 29.578231811523438
231 29.595876455307007
230 29.61271071434021
230 29.629717350006104
231 29.646890878677368
230 29.664727926254272
231 29.68143081665039
231 29.699357748031616
230 29.716127157211304
231 29.734130382537842
231 29.751025915145874
230 29.768218994140625
230 29.785723209381104
231 29.802818298339844
231 29.820356607437134
231 29.837560892105103
230 29.855509757995605
232 29.87272310256958
231 29.889721155166626
231 29.906684398651123
231 29.92349934577942
231 29.940598964691162
231 29.957404851913452
231 29.974345922470093
231 29.991210222244263
230 30.008833646774292
231 30.02588152885437
231 30.04379415512085
230 30.06135320663452
